-4 -4 0 0 0 0 0
-4.02374 -3.96105 -0.0433288 0.00556378 -0.000282851 -0.0135039 0.00826462
-4.04748 -3.92209 -0.0866575 0.0111276 -0.000565703 -0.0270077 0.0165292
-4.07122 -3.88314 -0.129986 0.0166914 -0.000848554 -0.0405116 0.0247939
-4.09496 -3.84418 -0.173315 0.0222551 -0.00113141 -0.0540155 0.0330585
-4.1187 -3.80523 -0.216644 0.0278189 -0.00141426 -0.0675194 0.0413231
-4.14244 -3.76628 -0.259973 0.0333827 -0.00169711 -0.0810232 0.0495877
-4.16617 -3.72732 -0.303301 0.0389465 -0.00197996 -0.0945271 0.0578523
-4.18991 -3.68837 -0.34663 0.0445103 -0.00226281 -0.108031 0.0661169
-4.21365 -3.64942 -0.389959 0.0500741 -0.00254566 -0.121535 0.0743816
-4.23739 -3.61046 -0.433288 0.0556378 -0.00282851 -0.135039 0.0826462
-4.26113 -3.57151 -0.476616 0.0612016 -0.00311137 -0.148543 0.0909108
-4.28487 -3.53255 -0.519945 0.0667654 -0.00339422 -0.162046 0.0991754
-4.30861 -3.4936 -0.563274 0.0723292 -0.00367707 -0.17555 0.10744
-4.33235 -3.45465 -0.606603 0.077893 -0.00395992 -0.189054 0.115705
-4.35609 -3.41569 -0.649931 0.0834568 -0.00424277 -0.202558 0.123969
-4.37983 -3.37674 -0.69326 0.0890205 -0.00452562 -0.216062 0.132234
-4.40357 -3.33779 -0.736589 0.0945843 -0.00480847 -0.229566 0.140498
-4.42731 -3.29883 -0.779918 0.100148 -0.00509133 -0.24307 0.148763
-4.45104 -3.25988 -0.823247 0.105712 -0.00537418 -0.256574 0.157028
-4.47478 -3.22092 -0.866575 0.111276 -0.00565703 -0.270077 0.165292
-4.49852 -3.18197 -0.909904 0.116839 -0.00593988 -0.283581 0.173557
-4.52226 -3.14302 -0.953233 0.122403 -0.00622273 -0.297085 0.181822
-4.546 -3.10406 -0.996562 0.127967 -0.00650558 -0.310589 0.190086
-4.56974 -3.06511 -1.03989 0.133531 -0.00678843 -0.324093 0.198351
-4.59348 -3.02616 -1.08322 0.139095 -0.00707129 -0.337597 0.206615
-4.61722 -2.9872 -1.12655 0.144658 -0.00735414 -0.351101 0.21488
-4.64096 -2.94825 -1.16988 0.150222 -0.00763699 -0.364605 0.223145
-4.6647 -2.90929 -1.21321 0.155786 -0.00791984 -0.378108 0.231409
-4.66818 -2.8434 -1.20152 0.155797 -0.0154914 -0.365599 0.235326
-4.67167 -2.7775 -1.18983 0.155809 -0.023063 -0.353089 0.239242
-4.67515 -2.71161 -1.17814 0.15582 -0.0306345 -0.34058 0.243158
-4.67864 -2.64571 -1.16645 0.155832 -0.0382061 -0.32807 0.247075
-4.68212 -2.57982 -1.15476 0.155843 -0.0457776 -0.315561 0.250991
-4.68561 -2.51392 -1.14307 0.155854 -0.0533492 -0.303051 0.254907
-4.68909 -2.44802 -1.13138 0.155866 -0.0609207 -0.290542 0.258823
-4.69258 -2.38213 -1.11969 0.155877 -0.0684923 -0.278032 0.26274
-4.69606 -2.31623 -1.108 0.155889 -0.0760639 -0.265523 0.266656
-4.69955 -2.25034 -1.09631 0.1559 -0.0836354 -0.253013 0.270572
-4.70303 -2.18444 -1.08462 0.155912 -0.091207 -0.240504 0.274489
-4.70652 -2.11855 -1.07293 0.155923 -0.0987785 -0.227994 0.278405
-4.71 -2.05265 -1.06124 0.155934 -0.10635 -0.215485 0.282321
-4.71349 -1.98675 -1.04955 0.155946 -0.113922 -0.202975 0.286238
-4.71697 -1.92086 -1.03786 0.155957 -0.121493 -0.190466 0.290154
-4.72046 -1.85496 -1.02617 0.155969 -0.129065 -0.177956 0.29407
-4.72394 -1.78907 -1.01448 0.15598 -0.136636 -0.165446 0.297987
-4.72743 -1.72317 -1.00279 0.155991 -0.144208 -0.152937 0.301903
-4.73091 -1.65728 -0.991101 0.156003 -0.151779 -0.140427 0.305819
-4.7344 -1.59138 -0.979412 0.156014 -0.159351 -0.127918 0.309736
-4.73788 -1.52548 -0.967722 0.156026 -0.166923 -0.115408 0.313652
-4.74137 -1.45959 -0.956032 0.156037 -0.174494 -0.102899 0.317568
-4.74485 -1.39369 -0.944343 0.156048 -0.182066 -0.0903893 0.321484
-4.74834 -1.3278 -0.932653 0.15606 -0.189637 -0.0778798 0.325401
-4.75182 -1.2619 -0.920963 0.156071 -0.197209 -0.0653703 0.329317
-4.75531 -1.19601 -0.909274 0.156083 -0.20478 -0.0528607 0.333233
-4.75879 -1.13011 -0.897584 0.156094 -0.212352 -0.0403512 0.33715
-4.76228 -1.06421 -0.885894 0.156106 -0.219923 -0.0278417 0.341066
-4.76576 -0.998319 -0.874205 0.156117 -0.227495 -0.0153321 0.344982
-4.76925 -0.932423 -0.862515 0.156128 -0.235067 -0.00282261 0.348899
-4.77273 -0.866527 -0.850825 0.15614 -0.242638 0.00968692 0.352815
-4.77622 -0.800631 -0.839136 0.156151 -0.25021 0.0221965 0.356731
-4.7797 -0.734736 -0.827446 0.156163 -0.257781 0.034706 0.360648
-4.78319 -0.66884 -0.815756 0.156174 -0.265353 0.0472155 0.364564
-4.78667 -0.602944 -0.804066 0.156185 -0.272924 0.059725 0.36848
-4.79016 -0.537049 -0.792377 0.156197 -0.280496 0.0722346 0.372397
-4.79364 -0.471153 -0.780687 0.156208 -0.288067 0.0847441 0.376313
-4.79713 -0.405257 -0.768997 0.15622 -0.295639 0.0972536 0.380229
-4.80061 -0.339361 -0.757308 0.156231 -0.303211 0.109763 0.384145
-4.8041 -0.273466 -0.745618 0.156243 -0.310782 0.122273 0.388062
-4.80758 -0.20757 -0.733928 0.156254 -0.318354 0.134782 0.391978
-4.81107 -0.141674 -0.722239 0.156265 -0.325925 0.147292 0.395894
-4.81455 -0.0757785 -0.710549 0.156277 -0.333497 0.159801 0.399811
-4.81804 -0.0098828 -0.698859 0.156288 -0.341068 0.172311 0.403727
-4.82152 0.0560129 -0.68717 0.1563 -0.34864 0.18482 0.407643
-4.82501 0.121909 -0.67548 0.156311 -0.356211 0.19733 0.41156
-4.82849 0.187804 -0.66379 0.156322 -0.363783 0.209839 0.415476
-4.83198 0.2537 -0.652101 0.156334 -0.371355 0.222349 0.419392
-4.83546 0.319596 -0.640411 0.156345 -0.378926 0.234858 0.423309
-4.83895 0.385492 -0.628721 0.156357 -0.386498 0.247368 0.427225
-4.84243 0.451387 -0.617032 0.156368 -0.394069 0.259878 0.431141
-4.84592 0.517283 -0.605342 0.156379 -0.401641 0.272387 0.435058
-4.8494 0.583179 -0.593652 0.156391 -0.409212 0.284897 0.438974
-4.85289 0.649074 -0.581962 0.156402 -0.416784 0.297406 0.44289
-4.85637 0.71497 -0.570273 0.156414 -0.424356 0.309916 0.446806
-4.85986 0.780866 -0.558583 0.156425 -0.431927 0.322425 0.450723
-4.86334 0.846762 -0.546893 0.156437 -0.439499 0.334935 0.454639
-4.86683 0.912657 -0.535204 0.156448 -0.44707 0.347444 0.458555
-4.87031 0.978553 -0.523514 0.156459 -0.454642 0.359954 0.462472
-4.8738 1.04445 -0.511824 0.156471 -0.462213 0.372463 0.466388
-4.87728 1.11034 -0.500135 0.156482 -0.469785 0.384973 0.470304
-4.88077 1.17624 -0.488445 0.156494 -0.477356 0.397482 0.474221
-4.88425 1.24214 -0.476755 0.156505 -0.484928 0.409992 0.478137
-4.874 1.28359 -0.450814 0.147639 -0.477537 0.423231 0.464983
-4.86376 1.32505 -0.424873 0.138773 -0.470146 0.43647 0.45183
-4.85351 1.3665 -0.398932 0.129907 -0.462754 0.449709 0.438676
-4.84326 1.40795 -0.372991 0.121041 -0.455363 0.462948 0.425522
-4.83301 1.44941 -0.347049 0.112175 -0.447972 0.476187 0.412369
-4.82276 1.49086 -0.321108 0.103309 -0.440581 0.489426 0.399215
-4.81252 1.53232 -0.295167 0.0944432 -0.43319 0.502665 0.386061
-4.80227 1.57377 -0.269226 0.0855772 -0.425799 0.515904 0.372907
-4.79202 1.61523 -0.243285 0.0767112 -0.418407 0.529143 0.359754
-4.78177 1.65668 -0.217344 0.0678452 -0.411016 0.542382 0.3466
-4.77152 1.69814 -0.191402 0.0589792 -0.403625 0.555621 0.333446
-4.76128 1.73959 -0.165461 0.0501133 -0.396234 0.56886 0.320293
-4.75103 1.78105 -0.13952 0.0412473 -0.388843 0.582099 0.307139
-4.74078 1.8225 -0.113579 0.0323813 -0.381452 0.595338 0.293985
-4.73053 1.86396 -0.0876378 0.0235153 -0.37406 0.608577 0.280832
-4.72028 1.90541 -0.0616966 0.0146493 -0.366669 0.621816 0.267678
-4.71004 1.94686 -0.0357554 0.00578337 -0.359278 0.635055 0.254524
-4.69979 1.98832 -0.00981427 -0.00308261 -0.351887 0.648294 0.241371
-4.68954 2.02977 0.0161269 -0.0119486 -0.344496 0.661533 0.228217
-4.67929 2.07123 0.0420681 -0.0208146 -0.337105 0.674772 0.215063
-4.66904 2.11268 0.0680092 -0.0296806 -0.329713 0.688011 0.201909
-4.6588 2.15414 0.0939504 -0.0385465 -0.322322 0.70125 0.188756
-4.64855 2.19559 0.119892 -0.0474125 -0.314931 0.714489 0.175602
-4.6383 2.23705 0.145833 -0.0562785 -0.30754 0.727728 0.162448
-4.62805 2.2785 0.171774 -0.0651445 -0.300149 0.740967 0.149295
-4.6178 2.31996 0.197715 -0.0740104 -0.292757 0.754206 0.136141
-4.60756 2.36141 0.223656 -0.0828764 -0.285366 0.767445 0.122987
-4.59731 2.40287 0.249597 -0.0917424 -0.277975 0.780684 0.109834
-4.58706 2.44432 0.275539 -0.100608 -0.270584 0.793923 0.0966799
-4.57681 2.48577 0.30148 -0.109474 -0.263193 0.807162 0.0835262
-4.56656 2.52723 0.327421 -0.11834 -0.255802 0.820401 0.0703725
-4.55632 2.56868 0.353362 -0.127206 -0.24841 0.83364 0.0572188
-4.54607 2.61014 0.379303 -0.136072 -0.241019 0.846879 0.0440651
-4.53582 2.65159 0.405244 -0.144938 -0.233628 0.860118 0.0309114
-4.52557 2.69305 0.431186 -0.153804 -0.226237 0.873357 0.0177577
-4.51533 2.7345 0.457127 -0.16267 -0.218846 0.886596 0.00460403
-4.50508 2.77596 0.483068 -0.171536 -0.211455 0.899835 -0.00854966
-4.49483 2.81741 0.509009 -0.180402 -0.204063 0.913074 -0.0217034
-4.48458 2.85887 0.53495 -0.189268 -0.196672 0.926313 -0.034857
-4.47433 2.90032 0.560891 -0.198134 -0.189281 0.939552 -0.0480107
-4.46409 2.94178 0.586833 -0.207 -0.18189 0.952791 -0.0611644
-4.45384 2.98323 0.612774 -0.215866 -0.174499 0.96603 -0.0743181
-4.44359 3.02468 0.638715 -0.224732 -0.167108 0.979269 -0.0874718
-4.43334 3.06614 0.664656 -0.233598 -0.159716 0.992508 -0.100626
-4.42309 3.10759 0.690597 -0.242464 -0.152325 1.00575 -0.113779
-4.41285 3.14905 0.716539 -0.25133 -0.144934 1.01899 -0.126933
-4.4026 3.1905 0.74248 -0.260196 -0.137543 1.03222 -0.140087
-4.39235 3.23196 0.768421 -0.269062 -0.130152 1.04546 -0.15324
-4.3821 3.27341 0.794362 -0.277928 -0.12276 1.0587 -0.166394
-4.37185 3.31487 0.820303 -0.286794 -0.115369 1.07194 -0.179548
-4.36161 3.35632 0.846244 -0.29566 -0.107978 1.08518 -0.192701
-4.35136 3.39778 0.872186 -0.304526 -0.100587 1.09842 -0.205855
-4.34111 3.43923 0.898127 -0.313392 -0.0931958 1.11166 -0.219009
-4.33086 3.48069 0.924068 -0.322258 -0.0858046 1.1249 -0.232162
-4.32061 3.52214 0.950009 -0.331124 -0.0784135 1.13814 -0.245316
-4.31037 3.56359 0.97595 -0.33999 -0.0710223 1.15138 -0.25847
-4.30012 3.60505 1.00189 -0.348856 -0.0636311 1.16461 -0.271624
-4.28987 3.6465 1.02783 -0.357722 -0.0562399 1.17785 -0.284777
-4.27962 3.68796 1.05377 -0.366588 -0.0488488 1.19109 -0.297931
-4.26937 3.72941 1.07971 -0.375454 -0.0414576 1.20433 -0.311085
-4.25913 3.77087 1.10566 -0.38432 -0.0340664 1.21757 -0.324238
-4.24888 3.81232 1.1316 -0.393186 -0.0266752 1.23081 -0.337392
-4.23863 3.85378 1.15754 -0.402052 -0.0192841 1.24405 -0.350546
-4.22838 3.89523 1.18348 -0.410918 -0.0118929 1.25729 -0.363699
-4.21813 3.93669 1.20942 -0.419784 -0.00450173 1.27053 -0.376853
-4.20789 3.97814 1.23536 -0.42865 0.00288945 1.28377 -0.390007
-4.15226 3.98755 1.22943 -0.431672 0.0149032 1.25638 -0.369308
-4.09663 3.99696 1.22349 -0.434695 0.0269169 1.22899 -0.34861
-4.041 4.00637 1.21756 -0.437718 0.0389306 1.2016 -0.327911
-3.98538 4.01578 1.21162 -0.44074 0.0509443 1.17422 -0.307212
-3.92975 4.02518 1.20569 -0.443763 0.062958 1.14683 -0.286514
-3.87412 4.03459 1.19975 -0.446785 0.0749718 1.11944 -0.265815
-3.8185 4.044 1.19382 -0.449808 0.0869855 1.09206 -0.245116
-3.76287 4.05341 1.18789 -0.452831 0.0989992 1.06467 -0.224418
-3.70724 4.06282 1.18195 -0.455853 0.111013 1.03728 -0.203719
-3.65161 4.07223 1.17602 -0.458876 0.123027 1.0099 -0.183021
-3.59599 4.08164 1.17008 -0.461899 0.13504 0.98251 -0.162322
-3.54036 4.09105 1.16415 -0.464921 0.147054 0.955124 -0.141623
-3.48473 4.10046 1.15821 -0.467944 0.159068 0.927737 -0.120925
-3.4291 4.10986 1.15228 -0.470967 0.171082 0.90035 -0.100226
-3.37348 4.11927 1.14634 -0.473989 0.183095 0.872963 -0.0795275
-3.31785 4.12868 1.14041 -0.477012 0.195109 0.845576 -0.0588289
-3.26222 4.13809 1.13447 -0.480035 0.207123 0.818189 -0.0381303
-3.20659 4.1475 1.12854 -0.483057 0.219136 0.790803 -0.0174317
-3.15097 4.15691 1.12261 -0.48608 0.23115 0.763416 0.00326695
-3.09534 4.16632 1.11667 -0.489102 0.243164 0.736029 0.0239656
-3.03971 4.17573 1.11074 -0.492125 0.255178 0.708642 0.0446642
-2.98408 4.18513 1.1048 -0.495148 0.267191 0.681255 0.0653628
-2.92846 4.19454 1.09887 -0.49817 0.279205 0.653868 0.0860614
-2.87283 4.20395 1.09293 -0.501193 0.291219 0.626482 0.10676
-2.8172 4.21336 1.087 -0.504216 0.303232 0.599095 0.127459
-2.76158 4.22277 1.08106 -0.507238 0.315246 0.571708 0.148157
-2.70595 4.23218 1.07513 -0.510261 0.32726 0.544321 0.168856
-2.65032 4.24159 1.0692 -0.513284 0.339274 0.516934 0.189554
-2.59469 4.251 1.06326 -0.516306 0.351287 0.489547 0.210253
-2.53907 4.26041 1.05733 -0.519329 0.363301 0.462161 0.230952
-2.48344 4.26981 1.05139 -0.522352 0.375315 0.434774 0.25165
-2.42781 4.27922 1.04546 -0.525374 0.387328 0.407387 0.272349
-2.37218 4.28863 1.03952 -0.528397 0.399342 0.38 0.293048
-2.31656 4.29804 1.03359 -0.531419 0.411356 0.352613 0.313746
-2.26093 4.30745 1.02765 -0.534442 0.42337 0.325227 0.334445
-2.2053 4.31686 1.02172 -0.537465 0.435383 0.29784 0.355143
-2.14967 4.32627 1.01578 -0.540487 0.447397 0.270453 0.375842
-2.09405 4.33568 1.00985 -0.54351 0.459411 0.243066 0.396541
-2.03842 4.34508 1.00392 -0.546533 0.471424 0.215679 0.417239
-1.98279 4.35449 0.997981 -0.549555 0.483438 0.188292 0.437938
-1.92716 4.3639 0.992046 -0.552578 0.495452 0.160906 0.458637
-1.87154 4.37331 0.986112 -0.555601 0.507466 0.133519 0.479335
-1.81591 4.38272 0.980177 -0.558623 0.519479 0.106132 0.500034
-1.76028 4.39213 0.974242 -0.561646 0.531493 0.0787451 0.520732
-1.70465 4.40154 0.968308 -0.564668 0.543507 0.0513582 0.541431
-1.64903 4.41095 0.962373 -0.567691 0.555521 0.0239714 0.56213
-1.5934 4.42035 0.956439 -0.570714 0.567534 -0.0034154 0.582828
-1.53777 4.42976 0.950504 -0.573736 0.579548 -0.0308022 0.603527
-1.48215 4.43917 0.94457 -0.576759 0.591562 -0.0581891 0.624225
-1.42652 4.44858 0.938635 -0.579782 0.603575 -0.0855759 0.644924
-1.37089 4.45799 0.932701 -0.582804 0.615589 -0.112963 0.665623
-1.31526 4.4674 0.926766 -0.585827 0.627603 -0.14035 0.686321
-1.25964 4.47681 0.920832 -0.58885 0.639617 -0.167736 0.70702
-1.20401 4.48622 0.914897 -0.591872 0.65163 -0.195123 0.727719
-1.14838 4.49563 0.908963 -0.594895 0.663644 -0.22251 0.748417
-1.09275 4.50503 0.903028 -0.597918 0.675658 -0.249897 0.769116
-1.03713 4.51444 0.897094 -0.60094 0.687671 -0.277284 0.789814
-0.981499 4.52385 0.891159 -0.603963 0.699685 -0.30467 0.810513
-0.925872 4.53326 0.885225 -0.606985 0.711699 -0.332057 0.831212
-0.870244 4.54267 0.87929 -0.610008 0.723713 -0.359444 0.85191
-0.814617 4.55208 0.873355 -0.613031 0.735726 -0.386831 0.872609
-0.75899 4.56149 0.867421 -0.616053 0.74774 -0.414218 0.893307
-0.703362 4.5709 0.861486 -0.619076 0.759754 -0.441605 0.914006
-0.647735 4.5803 0.855552 -0.622099 0.771767 -0.468991 0.934705
-0.592108 4.58971 0.849617 -0.625121 0.783781 -0.496378 0.955403
-0.53648 4.59912 0.843683 -0.628144 0.795795 -0.523765 0.976102
-0.480853 4.60853 0.837748 -0.631167 0.807809 -0.551152 0.996801
-0.425225 4.61794 0.831814 -0.634189 0.819822 -0.578539 1.0175
-0.378939 4.59608 0.820573 -0.625619 0.808744 -0.570721 1.00375
-0.332652 4.57421 0.809332 -0.617049 0.797665 -0.562903 0.989999
-0.286365 4.55235 0.798092 -0.608479 0.786586 -0.555084 0.976249
-0.240078 4.53048 0.786851 -0.599909 0.775508 -0.547266 0.962499
-0.193791 4.50862 0.77561 -0.591339 0.764429 -0.539448 0.948749
-0.147504 4.48676 0.764369 -0.582768 0.75335 -0.53163 0.934999
-0.101218 4.46489 0.753129 -0.574198 0.742272 -0.523812 0.921249
-0.0549308 4.44303 0.741888 -0.565628 0.731193 -0.515994 0.907499
-0.00864398 4.42116 0.730647 -0.557058 0.720114 -0.508176 0.893749
0.0376428 4.3993 0.719406 -0.548488 0.709036 -0.500358 0.879999
0.0839297 4.37744 0.708166 -0.539918 0.697957 -0.49254 0.866249
0.130217 4.35557 0.696925 -0.531348 0.686878 -0.484722 0.852499
0.176503 4.33371 0.685684 -0.522778 0.6758 -0.476904 0.838749
0.22279 4.31184 0.674444 -0.514207 0.664721 -0.469085 0.824999
0.269077 4.28998 0.663203 -0.505637 0.653642 -0.461267 0.811249
0.315364 4.26812 0.651962 -0.497067 0.642563 -0.453449 0.797499
0.361651 4.24625 0.640721 -0.488497 0.631485 -0.445631 0.783749
0.407937 4.22439 0.629481 -0.479927 0.620406 -0.437813 0.769999
0.454224 4.20252 0.61824 -0.471357 0.609327 -0.429995 0.756249
0.500511 4.18066 0.606999 -0.462787 0.598249 -0.422177 0.742499
0.546798 4.15879 0.595758 -0.454217 0.58717 -0.414359 0.728749
0.593085 4.13693 0.584518 -0.445646 0.576091 -0.406541 0.714999
0.639372 4.11507 0.573277 -0.437076 0.565013 -0.398723 0.701249
0.685658 4.0932 0.562036 -0.428506 0.553934 -0.390905 0.687499
0.731945 4.07134 0.550796 -0.419936 0.542855 -0.383086 0.673749
0.778232 4.04947 0.539555 -0.411366 0.531777 -0.375268 0.659999
0.824519 4.02761 0.528314 -0.402796 0.520698 -0.36745 0.646249
0.870806 4.00575 0.517073 -0.394226 0.509619 -0.359632 0.632499
0.917093 3.98388 0.505833 -0.385656 0.498541 -0.351814 0.618749
0.963379 3.96202 0.494592 -0.377085 0.487462 -0.343996 0.605
1.00967 3.94015 0.483351 -0.368515 0.476383 -0.336178 0.59125
1.05595 3.91829 0.47211 -0.359945 0.465305 -0.32836 0.5775
1.10224 3.89643 0.46087 -0.351375 0.454226 -0.320542 0.56375
1.14853 3.87456 0.449629 -0.342805 0.443147 -0.312724 0.55
1.19481 3.8527 0.438388 -0.334235 0.432069 -0.304906 0.53625
1.2411 3.83083 0.427148 -0.325665 0.42099 -0.297087 0.5225
1.28739 3.80897 0.415907 -0.317095 0.409911 -0.289269 0.50875
1.33367 3.78711 0.404666 -0.308524 0.398832 -0.281451 0.495
1.37996 3.76524 0.393425 -0.299954 0.387754 -0.273633 0.48125
1.42625 3.74338 0.382185 -0.291384 0.376675 -0.265815 0.4675
1.47253 3.72151 0.370944 -0.282814 0.365596 -0.257997 0.45375
1.51882 3.69965 0.359703 -0.274244 0.354518 -0.250179 0.44
1.56511 3.67779 0.348462 -0.265674 0.343439 -0.242361 0.42625
1.6114 3.65592 0.337222 -0.257104 0.33236 -0.234543 0.4125
1.65768 3.63406 0.325981 -0.248534 0.321282 -0.226725 0.39875
1.70397 3.61219 0.31474 -0.239963 0.310203 -0.218907 0.385
1.75026 3.59033 0.3035 -0.231393 0.299124 -0.211088 0.37125
1.79654 3.56847 0.292259 -0.222823 0.288046 -0.20327 0.3575
1.84283 3.5466 0.281018 -0.214253 0.276967 -0.195452 0.34375
1.88912 3.52474 0.269777 -0.205683 0.265888 -0.187634 0.33
1.9354 3.50287 0.258537 -0.197113 0.25481 -0.179816 0.31625
1.98169 3.48101 0.247296 -0.188543 0.243731 -0.171998 0.3025
2.02798 3.45915 0.236055 -0.179973 0.232652 -0.16418 0.28875
2.07426 3.43728 0.224815 -0.171402 0.221574 -0.156362 0.275
2.12055 3.41542 0.213574 -0.162832 0.210495 -0.148544 0.26125
2.16684 3.39355 0.202333 -0.154262 0.199416 -0.140726 0.2475
2.21312 3.37169 0.191092 -0.145692 0.188338 -0.132908 0.23375
2.25941 3.34982 0.179852 -0.137122 0.177259 -0.125089 0.22
2.3057 3.32796 0.168611 -0.128552 0.16618 -0.117271 0.20625
2.35198 3.3061 0.15737 -0.119982 0.155102 -0.109453 0.1925
2.39827 3.28423 0.146129 -0.111412 0.144023 -0.101635 0.17875
2.44456 3.26237 0.134889 -0.102841 0.132944 -0.0938171 0.165
2.49084 3.2405 0.123648 -0.0942714 0.121865 -0.085999 0.15125
2.53713 3.21864 0.112407 -0.0857012 0.110787 -0.0781809 0.1375
2.58342 3.19678 0.101167 -0.0771311 0.0997081 -0.0703628 0.12375
2.62971 3.17491 0.0899258 -0.068561 0.0886294 -0.0625447 0.11
2.67599 3.15305 0.0786851 -0.0599909 0.0775508 -0.0547266 0.0962499
2.72228 3.13118 0.0674444 -0.0514207 0.0664721 -0.0469085 0.0824999
2.76857 3.10932 0.0562036 -0.0428506 0.0553934 -0.0390905 0.0687499
2.81485 3.08746 0.0449629 -0.0342805 0.0443147 -0.0312724 0.055
2.86114 3.06559 0.0337222 -0.0257104 0.033236 -0.0234543 0.04125
2.90743 3.04373 0.0224815 -0.0171402 0.0221574 -0.0156362 0.0275
2.95371 3.02186 0.0112407 -0.00857012 0.0110787 -0.00781809 0.01375
3 3 0 0 0 0 0
