-3 -3 0 0 0 0 0
-2.98119 -3.01427 0.0182451 0.000798183 0.0234453 0.00121795 -0.0101877
-2.96237 -3.02854 0.0364901 0.00159637 0.0468906 0.0024359 -0.0203754
-2.94356 -3.04281 0.0547352 0.00239455 0.0703358 0.00365385 -0.0305631
-2.92475 -3.05708 0.0729803 0.00319273 0.0937811 0.0048718 -0.0407508
-2.90593 -3.07135 0.0912254 0.00399091 0.117226 0.00608975 -0.0509385
-2.88712 -3.08562 0.10947 0.0047891 0.140672 0.0073077 -0.0611262
-2.86831 -3.09989 0.127715 0.00558728 0.164117 0.00852565 -0.0713139
-2.84949 -3.11416 0.145961 0.00638546 0.187562 0.0097436 -0.0815016
-2.83068 -3.12843 0.164206 0.00718364 0.211007 0.0109616 -0.0916893
-2.81187 -3.1427 0.182451 0.00798183 0.234453 0.0121795 -0.101877
-2.79305 -3.15697 0.200696 0.00878001 0.257898 0.0133975 -0.112065
-2.77424 -3.17124 0.218941 0.00957819 0.281343 0.0146154 -0.122252
-2.75543 -3.18551 0.237186 0.0103764 0.304789 0.0158334 -0.13244
-2.73661 -3.19978 0.255431 0.0111746 0.328234 0.0170513 -0.142628
-2.7178 -3.21405 0.273676 0.0119727 0.351679 0.0182693 -0.152816
-2.69899 -3.22832 0.291921 0.0127709 0.375124 0.0194872 -0.163003
-2.68018 -3.24259 0.310166 0.0135691 0.39857 0.0207052 -0.173191
-2.66136 -3.25686 0.328411 0.0143673 0.422015 0.0219231 -0.183379
-2.64255 -3.27113 0.346656 0.0151655 0.44546 0.0231411 -0.193566
-2.62374 -3.2854 0.364901 0.0159637 0.468906 0.024359 -0.203754
-2.60492 -3.29967 0.383146 0.0167618 0.492351 0.025577 -0.213942
-2.58611 -3.31394 0.401392 0.01756 0.515796 0.0267949 -0.224129
-2.5673 -3.32821 0.419637 0.0183582 0.539241 0.0280129 -0.234317
-2.54848 -3.34248 0.437882 0.0191564 0.562687 0.0292308 -0.244505
-2.52967 -3.35675 0.456127 0.0199546 0.586132 0.0304488 -0.254693
-2.51086 -3.37102 0.474372 0.0207528 0.609577 0.0316667 -0.26488
-2.49204 -3.38529 0.492617 0.0215509 0.633022 0.0328847 -0.275068
-2.47323 -3.39956 0.510862 0.0223491 0.656468 0.0341026 -0.285256
-2.45442 -3.41383 0.529107 0.0231473 0.679913 0.0353206 -0.295443
-2.4356 -3.4281 0.547352 0.0239455 0.703358 0.0365385 -0.305631
-2.41679 -3.44237 0.565597 0.0247437 0.726804 0.0377565 -0.315819
-2.39798 -3.45664 0.583842 0.0255418 0.750249 0.0389744 -0.326007
-2.37916 -3.47091 0.602087 0.02634 0.773694 0.0401924 -0.336194
-2.36035 -3.48518 0.620332 0.0271382 0.797139 0.0414103 -0.346382
-2.34154 -3.49945 0.638577 0.0279364 0.820585 0.0426283 -0.35657
-2.32272 -3.51372 0.656823 0.0287346 0.84403 0.0438462 -0.366757
-2.30391 -3.52799 0.675068 0.0295328 0.867475 0.0450642 -0.376945
-2.2851 -3.54226 0.693313 0.0303309 0.890921 0.0462821 -0.387133
-2.26628 -3.55653 0.711558 0.0311291 0.914366 0.0475001 -0.39732
-2.24747 -3.5708 0.729803 0.0319273 0.937811 0.048718 -0.407508
-2.22866 -3.58507 0.748048 0.0327255 0.961256 0.049936 -0.417696
-2.15352 -3.5387 0.741537 0.0477399 0.933932 0.0758761 -0.397895
-2.07838 -3.49233 0.735027 0.0627543 0.906608 0.101816 -0.378094
-2.00324 -3.44595 0.728517 0.0777687 0.879284 0.127756 -0.358293
-1.9281 -3.39958 0.722006 0.0927831 0.851959 0.153696 -0.338493
-1.85296 -3.35321 0.715496 0.107798 0.824635 0.179636 -0.318692
-1.77782 -3.30683 0.708985 0.122812 0.797311 0.205576 -0.298891
-1.70267 -3.26046 0.702475 0.137826 0.769987 0.231517 -0.27909
-1.62753 -3.21409 0.695964 0.152841 0.742662 0.257457 -0.259289
-1.55239 -3.16771 0.689454 0.167855 0.715338 0.283397 -0.239488
-1.47725 -3.12134 0.682944 0.18287 0.688014 0.309337 -0.219687
-1.40211 -3.07496 0.676433 0.197884 0.66069 0.335277 -0.199887
-1.32697 -3.02859 0.669923 0.212898 0.633365 0.361217 -0.180086
-1.25183 -2.98222 0.663412 0.227913 0.606041 0.387157 -0.160285
-1.17669 -2.93584 0.656902 0.242927 0.578717 0.413097 -0.140484
-1.10155 -2.88947 0.650391 0.257942 0.551392 0.439037 -0.120683
-1.02641 -2.8431 0.643881 0.272956 0.524068 0.464977 -0.100882
-0.951271 -2.79672 0.637371 0.28797 0.496744 0.490917 -0.0810815
-0.876131 -2.75035 0.63086 0.302985 0.46942 0.516857 -0.0612807
-0.80099 -2.70398 0.62435 0.317999 0.442095 0.542797 -0.0414798
-0.72585 -2.6576 0.617839 0.333014 0.414771 0.568738 -0.021679
-0.650709 -2.61123 0.611329 0.348028 0.387447 0.594678 -0.00187815
-0.575569 -2.56486 0.604818 0.363042 0.360123 0.620618 0.0179227
-0.500429 -2.51848 0.598308 0.378057 0.332798 0.646558 0.0377235
-0.425288 -2.47211 0.591798 0.393071 0.305474 0.672498 0.0575244
-0.350148 -2.42573 0.585287 0.408086 0.27815 0.698438 0.0773252
-0.275007 -2.37936 0.578777 0.4231 0.250826 0.724378 0.0971261
-0.199867 -2.33299 0.572266 0.438114 0.223501 0.750318 0.116927
-0.124727 -2.28661 0.565756 0.453129 0.196177 0.776258 0.136728
-0.0495862 -2.24024 0.559245 0.468143 0.168853 0.802198 0.156529
0.0255542 -2.19387 0.552735 0.483158 0.141529 0.828138 0.176329
0.100695 -2.14749 0.546225 0.498172 0.114204 0.854078 0.19613
0.175835 -2.10112 0.539714 0.513187 0.0868801 0.880019 0.215931
0.250975 -2.05475 0.533204 0.528201 0.0595558 0.905959 0.235732
0.326116 -2.00837 0.526693 0.543215 0.0322316 0.931899 0.255533
0.297393 -1.92292 0.493272 0.563563 0.0117998 0.924911 0.249712
0.268671 -1.83746 0.459852 0.583911 -0.00863194 0.917924 0.243891
0.239948 -1.752 0.426431 0.604258 -0.0290637 0.910936 0.238071
0.211226 -1.66655 0.39301 0.624606 -0.0494954 0.903949 0.23225
0.182504 -1.58109 0.359589 0.644953 -0.0699272 0.896962 0.226429
0.153781 -1.49564 0.326168 0.665301 -0.0903589 0.889974 0.220608
0.125059 -1.41018 0.292747 0.685649 -0.110791 0.882987 0.214788
0.0963362 -1.32472 0.259326 0.705996 -0.131222 0.875999 0.208967
0.0676138 -1.23927 0.225905 0.726344 -0.151654 0.869012 0.203146
0.0388913 -1.15381 0.192485 0.746691 -0.172086 0.862024 0.197325
0.0101689 -1.06836 0.159064 0.767039 -0.192518 0.855037 0.191505
-0.0185536 -0.982899 0.125643 0.787387 -0.212949 0.84805 0.185684
-0.047276 -0.897443 0.0922219 0.807734 -0.233381 0.841062 0.179863
-0.0759985 -0.811987 0.0588011 0.828082 -0.253813 0.834075 0.174042
-0.104721 -0.726531 0.0253802 0.84843 -0.274245 0.827087 0.168222
-0.133443 -0.641075 -0.00804068 0.868777 -0.294676 0.8201 0.162401
-0.162166 -0.555619 -0.0414616 0.889125 -0.315108 0.813112 0.15658
-0.190888 -0.470163 -0.0748824 0.909472 -0.33554 0.806125 0.150759
-0.219611 -0.384707 -0.108303 0.92982 -0.355972 0.799138 0.144939
-0.248333 -0.299251 -0.141724 0.950168 -0.376403 0.79215 0.139118
-0.277056 -0.213795 -0.175145 0.970515 -0.396835 0.785163 0.133297
-0.305778 -0.128339 -0.208566 0.990863 -0.417267 0.778175 0.127476
-0.3345 -0.0428825 -0.241987 1.01121 -0.437699 0.771188 0.121656
-0.363223 0.0425736 -0.275408 1.03156 -0.45813 0.764201 0.115835
-0.391945 0.12803 -0.308829 1.05191 -0.478562 0.757213 0.110014
-0.420668 0.213486 -0.342249 1.07225 -0.498994 0.750226 0.104194
-0.44939 0.298942 -0.37567 1.0926 -0.519426 0.743238 0.0983728
-0.478113 0.384398 -0.409091 1.11295 -0.539857 0.736251 0.092552
-0.506835 0.469854 -0.442512 1.1333 -0.560289 0.729263 0.0867313
-0.535558 0.55531 -0.475933 1.15364 -0.580721 0.722276 0.0809106
-0.56428 0.640766 -0.509354 1.17399 -0.601152 0.715289 0.0750898
-0.593002 0.726222 -0.542775 1.19434 -0.621584 0.708301 0.0692691
-0.621725 0.811678 -0.576196 1.21469 -0.642016 0.701314 0.0634483
-0.650447 0.897134 -0.609616 1.23503 -0.662448 0.694326 0.0576276
-0.67917 0.982591 -0.643037 1.25538 -0.682879 0.687339 0.0518068
-0.682999 0.987842 -0.622864 1.23876 -0.678254 0.687274 0.0313424
-0.686827 0.993093 -0.602691 1.22213 -0.673629 0.687209 0.010878
-0.690656 0.998344 -0.582518 1.20551 -0.669004 0.687145 -0.00958646
-0.694485 1.00359 -0.562344 1.18888 -0.664379 0.68708 -0.0300509
-0.698313 1.00885 -0.542171 1.17226 -0.659754 0.687015 -0.0505153
-0.702142 1.0141 -0.521998 1.15563 -0.655129 0.686951 -0.0709798
-0.705971 1.01935 -0.501825 1.13901 -0.650504 0.686886 -0.0914442
-0.7098 1.0246 -0.481652 1.12238 -0.645879 0.686821 -0.111909
-0.713628 1.02985 -0.461478 1.10576 -0.641254 0.686757 -0.132373
-0.717457 1.0351 -0.441305 1.08913 -0.636629 0.686692 -0.152837
-0.721286 1.04035 -0.421132 1.07251 -0.632004 0.686627 -0.173302
-0.725115 1.0456 -0.400959 1.05588 -0.627379 0.686562 -0.193766
-0.728943 1.05085 -0.380786 1.03926 -0.622754 0.686498 -0.214231
-0.732772 1.0561 -0.360612 1.02263 -0.618129 0.686433 -0.234695
-0.736601 1.06136 -0.340439 1.00601 -0.613504 0.686368 -0.25516
-0.740429 1.06661 -0.320266 0.989381 -0.608879 0.686304 -0.275624
-0.74425 1.07185 -0.300135 0.972791 -0.604264 0.686239 -0.296046
-0.748071 1.07709 -0.280003 0.9562 -0.599648 0.686175 -0.316468
-0.751892 1.08233 -0.259871 0.939609 -0.595033 0.68611 -0.336891
-0.755713 1.08757 -0.23974 0.923019 -0.590417 0.686045 -0.357313
-0.759534 1.09281 -0.219608 0.906428 -0.585802 0.685981 -0.377735
-0.763354 1.09805 -0.199477 0.889837 -0.581186 0.685916 -0.398157
-0.767175 1.10329 -0.179345 0.873247 -0.576571 0.685852 -0.418579
-0.770996 1.10853 -0.159214 0.856656 -0.571955 0.685787 -0.439001
-0.774817 1.11377 -0.139082 0.840065 -0.56734 0.685723 -0.459424
-0.778638 1.11901 -0.118951 0.823475 -0.562724 0.685658 -0.479846
-0.782458 1.12425 -0.0988191 0.806884 -0.558109 0.685594 -0.500268
-0.786279 1.12949 -0.0786876 0.790293 -0.553493 0.685529 -0.52069
-0.7901 1.13473 -0.0585561 0.773703 -0.548878 0.685464 -0.541112
-0.793921 1.13997 -0.0384245 0.757112 -0.544262 0.6854 -0.561534
-0.797742 1.14521 -0.018293 0.740521 -0.539647 0.685335 -0.581957
-0.801563 1.15045 0.00183855 0.723931 -0.535031 0.685271 -0.602379
-0.805383 1.15569 0.0219701 0.70734 -0.530416 0.685206 -0.622801
-0.809204 1.16093 0.0421016 0.690749 -0.525801 0.685142 -0.643223
-0.813025 1.16617 0.0622332 0.674159 -0.521185 0.685077 -0.663645
-0.816846 1.17141 0.0823647 0.657568 -0.51657 0.685012 -0.684067
-0.820667 1.17665 0.102496 0.640977 -0.511954 0.684948 -0.70449
-0.824488 1.18189 0.122628 0.624387 -0.507339 0.684883 -0.724912
-0.828308 1.18713 0.142759 0.607796 -0.502723 0.684819 -0.745334
-0.832129 1.19237 0.162891 0.591205 -0.498108 0.684754 -0.765756
-0.83595 1.19761 0.183022 0.574614 -0.493492 0.68469 -0.786178
-0.839771 1.20285 0.203154 0.558024 -0.488877 0.684625 -0.8066
-0.843592 1.20809 0.223285 0.541433 -0.484261 0.68456 -0.827023
-0.847412 1.21333 0.243417 0.524842 -0.479646 0.684496 -0.847445
-0.851233 1.21857 0.263549 0.508252 -0.47503 0.684431 -0.867867
-0.855054 1.22381 0.28368 0.491661 -0.470415 0.684367 -0.888289
-0.858875 1.22905 0.303812 0.47507 -0.465799 0.684302 -0.908711
-0.862696 1.23429 0.323943 0.45848 -0.461184 0.684238 -0.929134
-0.866517 1.23953 0.344075 0.441889 -0.456568 0.684173 -0.949556
-0.870337 1.24477 0.364206 0.425298 -0.451953 0.684109 -0.969978
-0.874363 1.25029 0.385416 0.407819 -0.44709 0.684041 -0.991494
-0.878388 1.25582 0.406626 0.39034 -0.442228 0.683973 -1.01301
-0.882414 1.26134 0.427836 0.37286 -0.437365 0.683904 -1.03453
-0.886439 1.26686 0.449046 0.355381 -0.432502 0.683836 -1.05604
-0.890465 1.27238 0.470256 0.337901 -0.427639 0.683768 -1.07756
-0.89449 1.2779 0.491466 0.320422 -0.422777 0.6837 -1.09907
-0.898516 1.28342 0.512676 0.302943 -0.417914 0.683632 -1.12059
-0.902541 1.28894 0.533886 0.285463 -0.413051 0.683564 -1.14211
-0.906567 1.29446 0.555096 0.267984 -0.408189 0.683496 -1.16362
-0.910592 1.29998 0.576306 0.250504 -0.403326 0.683428 -1.18514
-0.914618 1.3055 0.597516 0.233025 -0.398463 0.68336 -1.20666
-0.918643 1.31102 0.618726 0.215546 -0.3936 0.683292 -1.22817
-0.922669 1.31654 0.639935 0.198066 -0.388738 0.683224 -1.24969
-0.926694 1.32207 0.661145 0.180587 -0.383875 0.683156 -1.2712
-0.93072 1.32759 0.682355 0.163107 -0.379012 0.683088 -1.29272
-0.934745 1.33311 0.703565 0.145628 -0.37415 0.68302 -1.31424
-0.938771 1.33863 0.724775 0.128148 -0.369287 0.682952 -1.33575
-0.942796 1.34415 0.745985 0.110669 -0.364424 0.682884 -1.35727
-0.946822 1.34967 0.767195 0.0931897 -0.359561 0.682816 -1.37878
-0.950847 1.35519 0.788405 0.0757103 -0.354699 0.682748 -1.4003
-0.954873 1.36071 0.809615 0.0582309 -0.349836 0.68268 -1.42182
-0.958898 1.36623 0.830825 0.0407515 -0.344973 0.682612 -1.44333
-0.962924 1.37175 0.852035 0.0232721 -0.340111 0.682544 -1.46485
-0.966949 1.37727 0.873245 0.00579265 -0.335248 0.682476 -1.48637
-0.970975 1.3828 0.894455 -0.0116868 -0.330385 0.682408 -1.50788
-0.975 1.38832 0.915665 -0.0291662 -0.325522 0.68234 -1.5294
-0.979026 1.39384 0.936875 -0.0466456 -0.32066 0.682272 -1.55091
-0.983051 1.39936 0.958085 -0.064125 -0.315797 0.682204 -1.57243
-0.987077 1.40488 0.979294 -0.0816044 -0.310934 0.682136 -1.59395
-0.991102 1.4104 1.0005 -0.0990838 -0.306072 0.682068 -1.61546
-0.995128 1.41592 1.02171 -0.116563 -0.301209 0.682 -1.63698
-0.999153 1.42144 1.04292 -0.134043 -0.296346 0.681932 -1.65849
-1.00318 1.42696 1.06413 -0.151522 -0.291483 0.681864 -1.68001
-1.0072 1.43248 1.08534 -0.169001 -0.286621 0.681796 -1.70153
-1.01123 1.438 1.10655 -0.186481 -0.281758 0.681728 -1.72304
-1.01575 1.44421 1.13039 -0.206123 -0.276294 0.681651 -1.74722
-1.02028 1.45041 1.15422 -0.225766 -0.270829 0.681575 -1.7714
-1.0248 1.45662 1.17806 -0.245408 -0.265365 0.681498 -1.79558
-1.02932 1.46282 1.20189 -0.26505 -0.2599 0.681422 -1.81976
-1.03385 1.46902 1.22573 -0.284693 -0.254436 0.681346 -1.84394
-1.03837 1.47523 1.24956 -0.304335 -0.248971 0.681269 -1.86811
-1.0429 1.48143 1.2734 -0.323978 -0.243507 0.681193 -1.89229
-1.04742 1.48764 1.29723 -0.34362 -0.238042 0.681116 -1.91647
-1.05194 1.49384 1.32107 -0.363262 -0.232578 0.68104 -1.94065
-1.05647 1.50005 1.3449 -0.382905 -0.227113 0.680963 -1.96483
-1.06099 1.50625 1.36873 -0.402547 -0.221649 0.680887 -1.98901
-1.06551 1.51245 1.39257 -0.422189 -0.216185 0.680811 -2.01319
-1.07004 1.51866 1.4164 -0.441832 -0.21072 0.680734 -2.03737
-1.07456 1.52486 1.44024 -0.461474 -0.205256 0.680658 -2.06154
-1.07908 1.53107 1.46407 -0.481117 -0.199791 0.680581 -2.08572
-1.08361 1.53727 1.48791 -0.500759 -0.194327 0.680505 -2.1099
-1.08813 1.54347 1.51174 -0.520401 -0.188862 0.680428 -2.13408
-1.09265 1.54968 1.53558 -0.540044 -0.183398 0.680352 -2.15826
-1.09718 1.55588 1.55941 -0.559686 -0.177933 0.680275 -2.18244
-1.1017 1.56209 1.58325 -0.579329 -0.172469 0.680199 -2.20662
-1.10623 1.56829 1.60708 -0.598971 -0.167005 0.680123 -2.23079
-1.11075 1.57449 1.63091 -0.618613 -0.16154 0.680046 -2.25497
-1.11527 1.5807 1.65475 -0.638256 -0.156076 0.67997 -2.27915
-1.1198 1.5869 1.67858 -0.657898 -0.150611 0.679893 -2.30333
-1.12432 1.59311 1.70242 -0.67754 -0.145147 0.679817 -2.32751
-1.12884 1.59931 1.72625 -0.697183 -0.139682 0.67974 -2.35169
-1.13337 1.60551 1.75009 -0.716825 -0.134218 0.679664 -2.37587
-1.13789 1.61172 1.77392 -0.736468 -0.128753 0.679588 -2.40004
-1.14241 1.61792 1.79776 -0.75611 -0.123289 0.679511 -2.42422
-1.14694 1.62413 1.82159 -0.775752 -0.117824 0.679435 -2.4484
-1.15146 1.63033 1.84543 -0.795395 -0.11236 0.679358 -2.47258
-1.15599 1.63653 1.86926 -0.815037 -0.106896 0.679282 -2.49676
-1.16051 1.64274 1.89309 -0.83468 -0.101431 0.679205 -2.52094
-1.16503 1.64894 1.91693 -0.854322 -0.0959667 0.679129 -2.54512
-1.16956 1.65515 1.94076 -0.873964 -0.0905022 0.679052 -2.5693
-1.17408 1.66135 1.9646 -0.893607 -0.0850378 0.678976 -2.59347
-1.14012 1.67962 1.94106 -0.88798 -0.119976 0.681999 -2.55649
-1.10616 1.69789 1.91752 -0.882353 -0.154914 0.685022 -2.51951
-1.0722 1.71616 1.89398 -0.876726 -0.189851 0.688045 -2.48252
-1.03824 1.73443 1.87044 -0.871099 -0.224789 0.691067 -2.44554
-1.00428 1.75269 1.8469 -0.865472 -0.259727 0.69409 -2.40856
-0.970323 1.77096 1.82336 -0.859845 -0.294665 0.697113 -2.37157
-0.936363 1.78923 1.79982 -0.854218 -0.329603 0.700136 -2.33459
-0.902404 1.8075 1.77628 -0.848591 -0.364541 0.703159 -2.2976
-0.868444 1.82577 1.75274 -0.842964 -0.399479 0.706182 -2.26062
-0.834485 1.84404 1.72921 -0.837337 -0.434417 0.709204 -2.22364
-0.800525 1.86231 1.70567 -0.83171 -0.469354 0.712227 -2.18665
-0.766566 1.88057 1.68213 -0.826083 -0.504292 0.71525 -2.14967
-0.732606 1.89884 1.65859 -0.820456 -0.53923 0.718273 -2.11269
-0.698647 1.91711 1.63505 -0.814829 -0.574168 0.721296 -2.0757
-0.664687 1.93538 1.61151 -0.809202 -0.609106 0.724319 -2.03872
-0.630728 1.95365 1.58797 -0.803575 -0.644044 0.727341 -2.00173
-0.596768 1.97192 1.56443 -0.797947 -0.678982 0.730364 -1.96475
-0.562808 1.99018 1.54089 -0.79232 -0.71392 0.733387 -1.92777
-0.528849 2.00845 1.51735 -0.786693 -0.748857 0.73641 -1.89078
-0.494889 2.02672 1.49381 -0.781066 -0.783795 0.739433 -1.8538
-0.46093 2.04499 1.47027 -0.775439 -0.818733 0.742456 -1.81682
-0.42697 2.06326 1.44673 -0.769812 -0.853671 0.745478 -1.77983
-0.393011 2.08153 1.4232 -0.764185 -0.888609 0.748501 -1.74285
-0.359051 2.0998 1.39966 -0.758558 -0.923547 0.751524 -1.70586
-0.325092 2.11806 1.37612 -0.752931 -0.958485 0.754547 -1.66888
-0.291132 2.13633 1.35258 -0.747304 -0.993423 0.75757 -1.6319
-0.257173 2.1546 1.32904 -0.741677 -1.02836 0.760593 -1.59491
-0.223213 2.17287 1.3055 -0.73605 -1.0633 0.763615 -1.55793
-0.189253 2.19114 1.28196 -0.730423 -1.09824 0.766638 -1.52095
-0.155294 2.20941 1.25842 -0.724796 -1.13317 0.769661 -1.48396
-0.121334 2.22768 1.23488 -0.719169 -1.16811 0.772684 -1.44698
-0.0873748 2.24594 1.21134 -0.713542 -1.20305 0.775707 -1.40999
-0.0534153 2.26421 1.1878 -0.707915 -1.23799 0.77873 -1.37301
-0.0194557 2.28248 1.16426 -0.702288 -1.27293 0.781752 -1.33603
0.0145038 2.30075 1.14072 -0.696661 -1.30786 0.784775 -1.29904
0.0746703 2.29164 1.10616 -0.67555 -1.31583 0.760994 -1.25968
0.134837 2.28252 1.07159 -0.654439 -1.3238 0.737213 -1.22031
0.195003 2.27341 1.03702 -0.633328 -1.33177 0.713432 -1.18095
0.25517 2.2643 1.00246 -0.612217 -1.33973 0.689651 -1.14158
0.315337 2.25518 0.967888 -0.591106 -1.3477 0.66587 -1.10222
0.375503 2.24607 0.93332 -0.569996 -1.35567 0.642089 -1.06285
0.43567 2.23695 0.898753 -0.548885 -1.36364 0.618308 -1.02349
0.495836 2.22784 0.864185 -0.527774 -1.3716 0.594527 -0.984123
0.556003 2.21873 0.829618 -0.506663 -1.37957 0.570746 -0.944758
0.616169 2.20961 0.795051 -0.485552 -1.38754 0.546965 -0.905393
0.676336 2.2005 0.760483 -0.464441 -1.39551 0.523184 -0.866028
0.736502 2.19139 0.725916 -0.44333 -1.40348 0.499402 -0.826663
0.796669 2.18227 0.691348 -0.422219 -1.41144 0.475621 -0.787299
0.856836 2.17316 0.656781 -0.401108 -1.41941 0.45184 -0.747934
0.917002 2.16405 0.622214 -0.379997 -1.42738 0.428059 -0.708569
0.977169 2.15493 0.587646 -0.358886 -1.43535 0.404278 -0.669204
1.03734 2.14582 0.553079 -0.337775 -1.44331 0.380497 -0.629839
1.0975 2.1367 0.518511 -0.316664 -1.45128 0.356716 -0.590474
1.15767 2.12759 0.483944 -0.295553 -1.45925 0.332935 -0.551109
1.21783 2.11848 0.449376 -0.274442 -1.46722 0.309154 -0.511744
1.278 2.10936 0.414809 -0.253331 -1.47518 0.285373 -0.472379
1.33817 2.10025 0.380242 -0.23222 -1.48315 0.261592 -0.433014
1.39833 2.09114 0.345674 -0.211109 -1.49112 0.237811 -0.393649
1.4585 2.08202 0.311107 -0.189999 -1.49909 0.21403 -0.354284
1.51867 2.07291 0.276539 -0.168888 -1.50706 0.190249 -0.314919
1.57883 2.0638 0.241972 -0.147777 -1.51502 0.166467 -0.275554
1.639 2.05468 0.207405 -0.126666 -1.52299 0.142686 -0.23619
1.69917 2.04557 0.172837 -0.105555 -1.53096 0.118905 -0.196825
1.75933 2.03645 0.13827 -0.0844438 -1.53893 0.0951243 -0.15746
1.8195 2.02734 0.103702 -0.0633328 -1.54689 0.0713432 -0.118095
1.87967 2.01823 0.0691348 -0.0422219 -1.55486 0.0475621 -0.0787299
1.93983 2.00911 0.0345674 -0.0211109 -1.56283 0.0237811 -0.0393649
2 2 0 0 -1.5708 0 0
