-4 -4 0 0 0 0 0
-3.94935 -4.00009 -0.0141106 0.00485627 0.00476544 -0.0187991 -0.00474229
-3.8987 -4.00019 -0.0282212 0.00971254 0.00953088 -0.0375981 -0.00948458
-3.84805 -4.00028 -0.0423318 0.0145688 0.0142963 -0.0563972 -0.0142269
-3.7974 -4.00038 -0.0564424 0.0194251 0.0190618 -0.0751963 -0.0189692
-3.74675 -4.00047 -0.070553 0.0242813 0.0238272 -0.0939953 -0.0237114
-3.6961 -4.00056 -0.0846636 0.0291376 0.0285927 -0.112794 -0.0284537
-3.64545 -4.00066 -0.0987742 0.0339939 0.0333581 -0.131593 -0.033196
-3.59479 -4.00075 -0.112885 0.0388502 0.0381235 -0.150393 -0.0379383
-3.54414 -4.00084 -0.126995 0.0437064 0.042889 -0.169192 -0.0426806
-3.49349 -4.00094 -0.141106 0.0485627 0.0476544 -0.187991 -0.0474229
-3.44284 -4.00103 -0.155217 0.053419 0.0524199 -0.20679 -0.0521652
-3.39219 -4.00113 -0.169327 0.0582752 0.0571853 -0.225589 -0.0569075
-3.34154 -4.00122 -0.183438 0.0631315 0.0619507 -0.244388 -0.0616497
-3.29089 -4.00131 -0.197548 0.0679878 0.0667162 -0.263187 -0.066392
-3.24024 -4.00141 -0.211659 0.072844 0.0714816 -0.281986 -0.0711343
-3.18959 -4.0015 -0.22577 0.0777003 0.0762471 -0.300785 -0.0758766
-3.13894 -4.0016 -0.23988 0.0825566 0.0810125 -0.319584 -0.0806189
-3.08829 -4.00169 -0.253991 0.0874128 0.085778 -0.338383 -0.0853612
-3.03764 -4.00178 -0.268101 0.0922691 0.0905434 -0.357182 -0.0901035
-2.98699 -4.00188 -0.282212 0.0971254 0.0953088 -0.375981 -0.0948458
-2.93634 -4.00197 -0.296323 0.101982 0.100074 -0.39478 -0.099588
-2.88568 -4.00206 -0.310433 0.106838 0.10484 -0.413579 -0.10433
-2.83503 -4.00216 -0.324544 0.111694 0.109605 -0.432379 -0.109073
-2.78438 -4.00225 -0.338654 0.11655 0.114371 -0.451178 -0.113815
-2.73373 -4.00235 -0.352765 0.121407 0.119136 -0.469977 -0.118557
-2.68308 -4.00244 -0.366876 0.126263 0.123901 -0.488776 -0.123299
-2.63243 -4.00253 -0.380986 0.131119 0.128667 -0.507575 -0.128042
-2.58178 -4.00263 -0.395097 0.135976 0.133432 -0.526374 -0.132784
-2.53113 -4.00272 -0.409207 0.140832 0.138198 -0.545173 -0.137526
-2.48048 -4.00282 -0.423318 0.145688 0.142963 -0.563972 -0.142269
-2.42983 -4.00291 -0.437429 0.150544 0.147729 -0.582771 -0.147011
-2.37918 -4.003 -0.451539 0.155401 0.152494 -0.60157 -0.151753
-2.32853 -4.0031 -0.46565 0.160257 0.15726 -0.620369 -0.156495
-2.27788 -4.00319 -0.47976 0.165113 0.162025 -0.639168 -0.161238
-2.22723 -4.00329 -0.493871 0.169969 0.16679 -0.657967 -0.16598
-2.17657 -4.00338 -0.507982 0.174826 0.171556 -0.676766 -0.170722
-2.12592 -4.00347 -0.522092 0.179682 0.176321 -0.695566 -0.175465
-2.07527 -4.00357 -0.536203 0.184538 0.181087 -0.714365 -0.180207
-2.02462 -4.00366 -0.550313 0.189394 0.185852 -0.733164 -0.184949
-1.97397 -4.00375 -0.564424 0.194251 0.190618 -0.751963 -0.189692
-1.92332 -4.00385 -0.578535 0.199107 0.195383 -0.770762 -0.194434
-1.87267 -4.00394 -0.592645 0.203963 0.200149 -0.789561 -0.199176
-1.82202 -4.00404 -0.606756 0.20882 0.204914 -0.80836 -0.203918
-1.77137 -4.00413 -0.620866 0.213676 0.209679 -0.827159 -0.208661
-1.72072 -4.00422 -0.634977 0.218532 0.214445 -0.845958 -0.213403
-1.67007 -4.00432 -0.649088 0.223388 0.21921 -0.864757 -0.218145
-1.61942 -4.00441 -0.663198 0.228245 0.223976 -0.883556 -0.222888
-1.56877 -4.00451 -0.677309 0.233101 0.228741 -0.902355 -0.22763
-1.51812 -4.0046 -0.691419 0.237957 0.233507 -0.921154 -0.232372
-1.46746 -4.00469 -0.70553 0.242813 0.238272 -0.939953 -0.237114
-1.41681 -4.00479 -0.719641 0.24767 0.243038 -0.958752 -0.241857
-1.36616 -4.00488 -0.733751 0.252526 0.247803 -0.977552 -0.246599
-1.31551 -4.00497 -0.747862 0.257382 0.252568 -0.996351 -0.251341
-1.26486 -4.00507 -0.761972 0.262239 0.257334 -1.01515 -0.256084
-1.21421 -4.00516 -0.776083 0.267095 0.262099 -1.03395 -0.260826
-1.16356 -4.00526 -0.790194 0.271951 0.266865 -1.05275 -0.265568
-1.11291 -4.00535 -0.804304 0.276807 0.27163 -1.07155 -0.27031
-1.06226 -4.00544 -0.818415 0.281664 0.276396 -1.09035 -0.275053
-1.01161 -4.00554 -0.832525 0.28652 0.281161 -1.10915 -0.279795
-0.960958 -4.00563 -0.846636 0.291376 0.285927 -1.12794 -0.284537
-0.910307 -4.00573 -0.860747 0.296232 0.290692 -1.14674 -0.28928
-0.859656 -4.00582 -0.874857 0.301089 0.295457 -1.16554 -0.294022
-0.809006 -4.00591 -0.888968 0.305945 0.300223 -1.18434 -0.298764
-0.758355 -4.00601 -0.903078 0.310801 0.304988 -1.20314 -0.303506
-0.707704 -4.0061 -0.917189 0.315657 0.309754 -1.22194 -0.308249
-0.657054 -4.00619 -0.9313 0.320514 0.314519 -1.24074 -0.312991
-0.606403 -4.00629 -0.94541 0.32537 0.319285 -1.25954 -0.317733
-0.555752 -4.00638 -0.959521 0.330226 0.32405 -1.27834 -0.322476
-0.505101 -4.00648 -0.973631 0.335083 0.328815 -1.29714 -0.327218
-0.454451 -4.00657 -0.987742 0.339939 0.333581 -1.31593 -0.33196
-0.4038 -4.00666 -1.00185 0.344795 0.338346 -1.33473 -0.336702
-0.353149 -4.00676 -1.01596 0.349651 0.343112 -1.35353 -0.341445
-0.302499 -4.00685 -1.03007 0.354508 0.347877 -1.37233 -0.346187
-0.251848 -4.00695 -1.04418 0.359364 0.352643 -1.39113 -0.350929
-0.201197 -4.00704 -1.0583 0.36422 0.357408 -1.40993 -0.355672
-0.133608 -4.00021 -1.07013 0.357781 0.367993 -1.41139 -0.34175
-0.0660179 -3.99337 -1.08197 0.351341 0.378578 -1.41285 -0.327829
0.0015718 -3.98654 -1.09381 0.344902 0.389163 -1.41432 -0.313907
0.0691615 -3.9797 -1.10565 0.338462 0.399747 -1.41578 -0.299985
0.136751 -3.97287 -1.11749 0.332023 0.410332 -1.41724 -0.286064
0.204341 -3.96604 -1.12933 0.325583 0.420917 -1.4187 -0.272142
0.27193 -3.9592 -1.14116 0.319144 0.431502 -1.42016 -0.258221
0.33952 -3.95237 -1.153 0.312705 0.442087 -1.42163 -0.244299
0.40711 -3.94554 -1.16484 0.306265 0.452672 -1.42309 -0.230378
0.474699 -3.9387 -1.17668 0.299826 0.463256 -1.42455 -0.216456
0.542289 -3.93187 -1.18852 0.293386 0.473841 -1.42601 -0.202535
0.609879 -3.92503 -1.20036 0.286947 0.484426 -1.42747 -0.188613
0.677468 -3.9182 -1.21219 0.280507 0.495011 -1.42894 -0.174692
0.745058 -3.91137 -1.22403 0.274068 0.505596 -1.4304 -0.16077
0.812648 -3.90453 -1.23587 0.267628 0.516181 -1.43186 -0.146849
0.880237 -3.8977 -1.24771 0.261189 0.526765 -1.43332 -0.132927
0.947827 -3.89087 -1.25955 0.254749 0.53735 -1.43478 -0.119006
1.01542 -3.88403 -1.27139 0.24831 0.547935 -1.43625 -0.105084
1.08301 -3.8772 -1.28322 0.241871 0.55852 -1.43771 -0.0911625
1.1506 -3.87036 -1.29506 0.235431 0.569105 -1.43917 -0.0772409
1.21819 -3.86353 -1.3069 0.228992 0.57969 -1.44063 -0.0633194
1.28578 -3.8567 -1.31874 0.222552 0.590274 -1.44209 -0.0493979
1.35337 -3.84986 -1.33058 0.216113 0.600859 -1.44355 -0.0354763
1.42095 -3.84303 -1.34242 0.209673 0.611444 -1.44502 -0.0215548
1.48854 -3.8362 -1.35425 0.203234 0.622029 -1.44648 -0.00763328
1.55613 -3.82936 -1.36609 0.196794 0.632614 -1.44794 0.00628825
1.62372 -3.82253 -1.37793 0.190355 0.643199 -1.4494 0.0202098
1.69131 -3.81569 -1.38977 0.183916 0.653783 -1.45086 0.0341313
1.7589 -3.80886 -1.40161 0.177476 0.664368 -1.45233 0.0480528
1.82649 -3.80203 -1.41345 0.171037 0.674953 -1.45379 0.0619744
1.89408 -3.79519 -1.42529 0.164597 0.685538 -1.45525 0.0758959
1.96167 -3.78836 -1.43712 0.158158 0.696123 -1.45671 0.0898174
2.02926 -3.78153 -1.44896 0.151718 0.706708 -1.45817 0.103739
2.09685 -3.77469 -1.4608 0.145279 0.717292 -1.45964 0.117661
2.16444 -3.76786 -1.47264 0.138839 0.727877 -1.4611 0.131582
2.23203 -3.76102 -1.48448 0.1324 0.738462 -1.46256 0.145504
2.29962 -3.75419 -1.49632 0.12596 0.749047 -1.46402 0.159425
2.36721 -3.74736 -1.50815 0.119521 0.759632 -1.46548 0.173347
2.4348 -3.74052 -1.51999 0.113082 0.770217 -1.46695 0.187268
2.50239 -3.73369 -1.53183 0.106642 0.780801 -1.46841 0.20119
2.56998 -3.72686 -1.54367 0.100203 0.791386 -1.46987 0.215111
2.63757 -3.72002 -1.55551 0.0937632 0.801971 -1.47133 0.229033
2.70516 -3.71319 -1.56735 0.0873237 0.812556 -1.47279 0.242954
2.77275 -3.70635 -1.57918 0.0808843 0.823141 -1.47426 0.256876
2.84034 -3.69952 -1.59102 0.0744448 0.833726 -1.47572 0.270797
2.90793 -3.69269 -1.60286 0.0680054 0.84431 -1.47718 0.284719
2.97552 -3.68585 -1.6147 0.0615659 0.854895 -1.47864 0.29864
3.04311 -3.67902 -1.62654 0.0551264 0.86548 -1.4801 0.312562
3.1107 -3.67219 -1.63838 0.048687 0.876065 -1.48157 0.326483
3.17829 -3.66535 -1.65021 0.0422475 0.88665 -1.48303 0.340405
3.24588 -3.65852 -1.66205 0.0358081 0.897234 -1.48449 0.354327
3.31347 -3.65168 -1.67389 0.0293686 0.907819 -1.48595 0.368248
3.38106 -3.64485 -1.68573 0.0229292 0.918404 -1.48741 0.38217
3.44864 -3.63802 -1.69757 0.0164897 0.928989 -1.48888 0.396091
3.51623 -3.63118 -1.70941 0.0100503 0.939574 -1.49034 0.410013
3.58382 -3.62435 -1.72124 0.00361083 0.950159 -1.4918 0.423934
3.60517 -3.60217 -1.67954 -0.00323673 0.944228 -1.44318 0.363521
3.62651 -3.58 -1.63783 -0.0100843 0.938298 -1.39457 0.303109
3.64786 -3.55782 -1.59612 -0.0169319 0.932368 -1.34595 0.242696
3.6692 -3.53565 -1.55442 -0.0237794 0.926438 -1.29734 0.182283
3.69054 -3.51347 -1.51271 -0.030627 0.920508 -1.24872 0.12187
3.71189 -3.4913 -1.471 -0.0374745 0.914578 -1.20011 0.0614571
3.73323 -3.46912 -1.42929 -0.0443221 0.908647 -1.15149 0.00104426
3.75458 -3.44695 -1.38759 -0.0511696 0.902717 -1.10288 -0.0593686
3.77592 -3.42477 -1.34588 -0.0580172 0.896787 -1.05426 -0.119781
3.79726 -3.4026 -1.30417 -0.0648648 0.890857 -1.00565 -0.180194
3.81861 -3.38042 -1.26246 -0.0717123 0.884927 -0.95703 -0.240607
3.83995 -3.35825 -1.22076 -0.0785599 0.878996 -0.908415 -0.30102
3.8613 -3.33607 -1.17905 -0.0854074 0.873066 -0.8598 -0.361433
3.88264 -3.3139 -1.13734 -0.092255 0.867136 -0.811184 -0.421846
3.90399 -3.29172 -1.09563 -0.0991026 0.861206 -0.762569 -0.482259
3.92533 -3.26955 -1.05393 -0.10595 0.855276 -0.713954 -0.542671
3.94667 -3.24737 -1.01222 -0.112798 0.849346 -0.665338 -0.603084
3.96802 -3.2252 -0.970511 -0.119645 0.843415 -0.616723 -0.663497
3.98936 -3.20302 -0.928804 -0.126493 0.837485 -0.568108 -0.72391
4.01071 -3.18085 -0.887096 -0.13334 0.831555 -0.519492 -0.784323
4.03205 -3.15867 -0.845389 -0.140188 0.825625 -0.470877 -0.844736
4.05339 -3.13649 -0.803681 -0.147035 0.819695 -0.422261 -0.905148
4.07474 -3.11432 -0.761974 -0.153883 0.813764 -0.373646 -0.965561
4.09608 -3.09214 -0.720266 -0.160731 0.807834 -0.325031 -1.02597
4.11743 -3.06997 -0.678559 -0.167578 0.801904 -0.276415 -1.08639
4.13877 -3.04779 -0.636851 -0.174426 0.795974 -0.2278 -1.1468
4.16011 -3.02562 -0.595144 -0.181273 0.790044 -0.179185 -1.20721
4.15891 -2.97105 -0.562523 -0.170885 0.772288 -0.179808 -1.20751
4.1577 -2.91647 -0.529903 -0.160498 0.754533 -0.180432 -1.20781
4.15649 -2.8619 -0.497282 -0.15011 0.736778 -0.181056 -1.20811
4.15529 -2.80733 -0.464661 -0.139722 0.719023 -0.18168 -1.20842
4.15408 -2.75275 -0.43204 -0.129334 0.701267 -0.182304 -1.20872
4.15287 -2.69818 -0.399419 -0.118946 0.683512 -0.182928 -1.20902
4.15166 -2.6436 -0.366799 -0.108559 0.665757 -0.183552 -1.20932
4.15046 -2.58903 -0.334178 -0.0981707 0.648002 -0.184175 -1.20962
4.14925 -2.53446 -0.301557 -0.0877829 0.630247 -0.184799 -1.20992
4.14804 -2.47988 -0.268936 -0.077395 0.612491 -0.185423 -1.21022
4.14683 -2.42531 -0.236316 -0.0670072 0.594736 -0.186047 -1.21052
4.14563 -2.37074 -0.203695 -0.0566194 0.576981 -0.186671 -1.21082
4.14442 -2.31616 -0.171074 -0.0462316 0.559226 -0.187295 -1.21112
4.14321 -2.26159 -0.138453 -0.0358437 0.54147 -0.187919 -1.21142
4.14201 -2.20702 -0.105833 -0.0254559 0.523715 -0.188542 -1.21172
4.1408 -2.15244 -0.073212 -0.0150681 0.50596 -0.189166 -1.21202
4.13959 -2.09787 -0.0405912 -0.00468028 0.488205 -0.18979 -1.21232
4.13838 -2.0433 -0.00797044 0.00570754 0.470449 -0.190414 -1.21262
4.13718 -1.98872 0.0246503 0.0160954 0.452694 -0.191038 -1.21292
4.13597 -1.93415 0.0572711 0.0264832 0.434939 -0.191662 -1.21322
4.13476 -1.87958 0.0898918 0.036871 0.417184 -0.192286 -1.21353
4.13356 -1.825 0.122513 0.0472588 0.399428 -0.192909 -1.21383
4.13235 -1.77043 0.155133 0.0576467 0.381673 -0.193533 -1.21413
4.13114 -1.71586 0.187754 0.0680345 0.363918 -0.194157 -1.21443
4.12993 -1.66128 0.220375 0.0784223 0.346163 -0.194781 -1.21473
4.12873 -1.60671 0.252996 0.0888101 0.328407 -0.195405 -1.21503
4.12752 -1.55214 0.285616 0.099198 0.310652 -0.196029 -1.21533
4.12631 -1.49756 0.318237 0.109586 0.292897 -0.196653 -1.21563
4.1251 -1.44299 0.350858 0.119974 0.275142 -0.197276 -1.21593
4.1239 -1.38842 0.383479 0.130361 0.257386 -0.1979 -1.21623
4.12269 -1.33384 0.416099 0.140749 0.239631 -0.198524 -1.21653
4.12148 -1.27927 0.44872 0.151137 0.221876 -0.199148 -1.21683
4.12028 -1.2247 0.481341 0.161525 0.204121 -0.199772 -1.21713
4.11907 -1.17012 0.513962 0.171913 0.186366 -0.200396 -1.21743
4.11786 -1.11555 0.546582 0.182301 0.16861 -0.20102 -1.21773
4.11665 -1.06097 0.579203 0.192688 0.150855 -0.201643 -1.21803
4.11545 -1.0064 0.611824 0.203076 0.1331 -0.202267 -1.21834
4.11424 -0.951828 0.644445 0.213464 0.115345 -0.202891 -1.21864
4.11303 -0.897255 0.677065 0.223852 0.0975893 -0.203515 -1.21894
4.11183 -0.842681 0.709686 0.23424 0.0798341 -0.204139 -1.21924
4.11062 -0.788108 0.742307 0.244627 0.0620788 -0.204763 -1.21954
4.10941 -0.733534 0.774928 0.255015 0.0443236 -0.205386 -1.21984
4.1082 -0.678961 0.807548 0.265403 0.0265684 -0.20601 -1.22014
4.107 -0.624387 0.840169 0.275791 0.00881312 -0.206634 -1.22044
4.10579 -0.569814 0.87279 0.286179 -0.00894212 -0.207258 -1.22074
4.10458 -0.51524 0.905411 0.296567 -0.0266974 -0.207882 -1.22104
4.10338 -0.460667 0.938031 0.306954 -0.0444526 -0.208506 -1.22134
4.10217 -0.406094 0.970652 0.317342 -0.0622078 -0.20913 -1.22164
4.10096 -0.35152 1.00327 0.32773 -0.0799631 -0.209753 -1.22194
4.09975 -0.296947 1.03589 0.338118 -0.0977183 -0.210377 -1.22224
4.09855 -0.242373 1.06851 0.348506 -0.115474 -0.211001 -1.22254
4.10891 -0.173941 1.06246 0.345425 -0.114324 -0.215483 -1.20498
4.11927 -0.105509 1.05641 0.342344 -0.113174 -0.219965 -1.18741
4.12963 -0.0370765 1.05036 0.339263 -0.112024 -0.224446 -1.16984
4.14 0.0313557 1.04431 0.336182 -0.110874 -0.228928 -1.15227
4.15036 0.099788 1.03826 0.333101 -0.109724 -0.23341 -1.1347
4.16072 0.16822 1.03221 0.33002 -0.108574 -0.237892 -1.11713
4.17108 0.236652 1.02616 0.326939 -0.107425 -0.242373 -1.09957
4.18145 0.305085 1.02011 0.323858 -0.106275 -0.246855 -1.082
4.19181 0.373517 1.01406 0.320777 -0.105125 -0.251337 -1.06443
4.20217 0.441949 1.00801 0.317696 -0.103975 -0.255819 -1.04686
4.21254 0.510381 1.00196 0.314615 -0.102825 -0.2603 -1.02929
4.2229 0.578814 0.995912 0.311534 -0.101675 -0.264782 -1.01172
4.23326 0.647246 0.989862 0.308453 -0.100525 -0.269264 -0.994156
4.24362 0.715678 0.983812 0.305372 -0.0993755 -0.273746 -0.976588
4.25399 0.78411 0.977762 0.302291 -0.0982257 -0.278227 -0.95902
4.26435 0.852542 0.971712 0.29921 -0.0970758 -0.282709 -0.941451
4.27471 0.920975 0.965661 0.296129 -0.0959259 -0.287191 -0.923883
4.28507 0.989407 0.959611 0.293048 -0.0947761 -0.291673 -0.906315
4.29544 1.05784 0.953561 0.289967 -0.0936262 -0.296154 -0.888747
4.3058 1.12627 0.947511 0.286886 -0.0924764 -0.300636 -0.871178
4.31616 1.1947 0.941461 0.283805 -0.0913265 -0.305118 -0.85361
4.32652 1.26314 0.93541 0.280724 -0.0901767 -0.3096 -0.836042
4.33689 1.33157 0.92936 0.277643 -0.0890268 -0.314081 -0.818473
4.34725 1.4 0.92331 0.274562 -0.0878769 -0.318563 -0.800905
4.35761 1.46843 0.91726 0.271481 -0.0867271 -0.323045 -0.783337
4.36798 1.53686 0.91121 0.2684 -0.0855772 -0.327527 -0.765769
4.37834 1.6053 0.90516 0.265319 -0.0844274 -0.332008 -0.7482
4.3887 1.67373 0.899109 0.262238 -0.0832775 -0.33649 -0.730632
4.39906 1.74216 0.893059 0.259157 -0.0821276 -0.340972 -0.713064
4.40943 1.81059 0.887009 0.256076 -0.0809778 -0.345454 -0.695496
4.41979 1.87903 0.880959 0.252995 -0.0798279 -0.349935 -0.677927
4.43015 1.94746 0.874909 0.249914 -0.0786781 -0.354417 -0.660359
4.44051 2.01589 0.868858 0.246833 -0.0775282 -0.358899 -0.642791
4.45088 2.08432 0.862808 0.243752 -0.0763783 -0.363381 -0.625223
4.46124 2.15275 0.856758 0.240671 -0.0752285 -0.367862 -0.607654
4.4716 2.22119 0.850708 0.23759 -0.0740786 -0.372344 -0.590086
4.48196 2.28962 0.844658 0.234509 -0.0729288 -0.376826 -0.572518
4.49233 2.35805 0.838608 0.231428 -0.0717789 -0.381308 -0.55495
4.50269 2.42648 0.832557 0.228347 -0.070629 -0.385789 -0.537381
4.51305 2.49492 0.826507 0.225266 -0.0694792 -0.390271 -0.519813
4.52342 2.56335 0.820457 0.222185 -0.0683293 -0.394753 -0.502245
4.53378 2.63178 0.814407 0.219104 -0.0671795 -0.399235 -0.484676
4.54414 2.70021 0.808357 0.216023 -0.0660296 -0.403716 -0.467108
4.5545 2.76864 0.802306 0.212942 -0.0648797 -0.408198 -0.44954
4.56487 2.83708 0.796256 0.209862 -0.0637299 -0.41268 -0.431972
4.57523 2.90551 0.790206 0.206781 -0.06258 -0.417162 -0.414403
4.58559 2.97394 0.784156 0.2037 -0.0614302 -0.421643 -0.396835
4.59595 3.04237 0.778106 0.200619 -0.0602803 -0.426125 -0.379267
4.60632 3.11081 0.772056 0.197538 -0.0591304 -0.430607 -0.361699
4.61668 3.17924 0.766005 0.194457 -0.0579806 -0.435089 -0.34413
4.62704 3.24767 0.759955 0.191376 -0.0568307 -0.43957 -0.326562
4.63741 3.3161 0.753905 0.188295 -0.0556809 -0.444052 -0.308994
4.64777 3.38453 0.747855 0.185214 -0.054531 -0.448534 -0.291426
4.65813 3.45297 0.741805 0.182133 -0.0533812 -0.453016 -0.273857
4.66849 3.5214 0.735755 0.179052 -0.0522313 -0.457497 -0.256289
4.67886 3.58983 0.729704 0.175971 -0.0510814 -0.461979 -0.238721
4.68922 3.65826 0.723654 0.17289 -0.0499316 -0.466461 -0.221153
4.69958 3.7267 0.717604 0.169809 -0.0487817 -0.470943 -0.203584
4.64647 3.70399 0.695179 0.164502 -0.0472573 -0.456226 -0.197222
4.59336 3.68128 0.672754 0.159196 -0.0457329 -0.441509 -0.19086
4.54025 3.65857 0.650329 0.153889 -0.0442084 -0.426792 -0.184498
4.48713 3.63586 0.627903 0.148583 -0.042684 -0.412075 -0.178136
4.43402 3.61315 0.605478 0.143276 -0.0411596 -0.397358 -0.171774
4.38091 3.59044 0.583053 0.13797 -0.0396351 -0.382641 -0.165412
4.3278 3.56773 0.560628 0.132663 -0.0381107 -0.367924 -0.15905
4.27469 3.54502 0.538203 0.127357 -0.0365863 -0.353207 -0.152688
4.22157 3.52231 0.515778 0.12205 -0.0350619 -0.33849 -0.146326
4.16846 3.4996 0.493353 0.116744 -0.0335374 -0.323773 -0.139964
4.11535 3.47689 0.470928 0.111437 -0.032013 -0.309056 -0.133602
4.06224 3.45419 0.448502 0.10613 -0.0304886 -0.294339 -0.12724
4.00913 3.43148 0.426077 0.100824 -0.0289641 -0.279622 -0.120878
3.95601 3.40877 0.403652 0.0955174 -0.0274397 -0.264905 -0.114516
3.9029 3.38606 0.381227 0.0902109 -0.0259153 -0.250188 -0.108154
3.84979 3.36335 0.358802 0.0849044 -0.0243909 -0.235471 -0.101792
3.79668 3.34064 0.336377 0.0795978 -0.0228664 -0.220754 -0.0954301
3.74357 3.31793 0.313952 0.0742913 -0.021342 -0.206037 -0.0890681
3.69045 3.29522 0.291527 0.0689848 -0.0198176 -0.19132 -0.0827061
3.63734 3.27251 0.269101 0.0636783 -0.0182931 -0.176603 -0.0763441
3.58423 3.2498 0.246676 0.0583718 -0.0167687 -0.161886 -0.0699821
3.53112 3.22709 0.224251 0.0530652 -0.0152443 -0.14717 -0.0636201
3.47801 3.20438 0.201826 0.0477587 -0.0137199 -0.132453 -0.0572581
3.4249 3.18167 0.179401 0.0424522 -0.0121954 -0.117736 -0.0508961
3.37178 3.15896 0.156976 0.0371457 -0.010671 -0.103019 -0.0445341
3.31867 3.13626 0.134551 0.0318391 -0.00914657 -0.0883017 -0.0381721
3.26556 3.11355 0.112126 0.0265326 -0.00762214 -0.0735848 -0.03181
3.21245 3.09084 0.0897005 0.0212261 -0.00609771 -0.0588678 -0.025448
3.15934 3.06813 0.0672754 0.0159196 -0.00457329 -0.0441509 -0.019086
3.10622 3.04542 0.0448502 0.010613 -0.00304886 -0.0294339 -0.012724
3.05311 3.02271 0.0224251 0.00530652 -0.00152443 -0.014717 -0.00636201
3 3 0 0 0 0 0
